

Instance: C203
Vehicles: 10
Vehicle capacity: 700

Local search solution:
0 0.0 92 15 69 51 88 70.21954445729288 61 102.35548807847154 81 120.41774582677009 72 146.07022166926862 54 165.50420280132522 93 185.50420280132522 96 201.828758121662 0 227.352932817922
0 0.0 65 11.180339887498949 42 65.90169943749474 44 77.90169943749474 40 93.73265133234004 41 113.93069035952561 55 155.6954507080628 60 180.6954507080628 100 208.15969990463577 0 237.3950839663071
0 0.0 45 37.73592452822641 38 89.78351661148369 2 140.09480535297644 46 156.49792959040929 3 172.90105382784213 1 185.90105382784213 0 233.9799193571617
0 0.0 62 62 67 80 71 103.0384048104053 95 133.16301660790342 56 149.4875719282402 50 181.4875719282402 91 215.5292024885828 0 237.57079706737508
0 0.0 39 36.05551275463989 36 53.12658056650537 6 111.17863567344122 7 124.17863567344122 5 145.35897556094017 4 160.35897556094017 70 188.96005079867845 0 218.60693350306695
0 0.0 47 38.3275357934736 15 68 9 101 57 133.3606797749979 74 154.54101966249684 58 175.72135954999578 0 232.8912652102788
0 0.0 11 69 79 107.0713376952364 12 140.15813045646678 13 160.59843696537732 80 214.27909630106043 0 231.89486940692433
0 0.0 64 53 76 86.43074902771997 63 105.86473015977657 51 125.86473015977657 66 157.8874457053218 24 190.0910490164963 0 235.1481453024125
0 0.0 23 75 19 91.40312423743285 22 106.78828904456735 49 120.39384032003134 20 133.39384032003136 21 153.59187934721692 25 171 0 226.27692569068708
0 0.0 33 51.478150704935004 27 75.62028632866596 30 94.22261159570859 29 109.60777640284309 85 149.15434980823142 0 194.6226455101678
Total distance 14354.08861464358 

ILS step:
0 0.0 42 33.54101966249684 39 48.54101966249684 36 65.61208747436231 37 78.61208747436231 41 98.51158241097397 54 127 0 155.02775637731995
0 0.0 63 39.05124837953327 85 52.65679965499726 76 85 89 105 66 156.2310562561766 0 179.2694610665819 
0 0.0 72 27.459060435491963 71 52 81 80 61 98.06225774829855 0 123.87364604914045
0 0.0 83 19.235384061671343 23 75 19 91.40312423743285 22 106.78828904456735 49 120.39384032003134 20 133.39384032003136 21 153.59187934721692 25 171 24 191.44030650891054 0 236.49740279482674
0 0.0 65 11.180339887498949 69 51 88 70.21954445729288 6 98.24730083461283 5 118.4453398617984 1 133.4453398617984 4 151 70 179.60107523773829 0 209.2479579421268
0 0.0 16 59 15 71.0 9 101 10 123 17 147 60 178.21320343559643 100 205.6774526321694 0 234.91283669384075
0 0.0 52 25 59 53.027756377319946 99 87 86 109.08304597359458 57 128.138431111732 74 151 0 197.0555127546399
0 0.0 31 50.28916384272063 34 63.28916384272063 30 79.12011573756592 26 96.12011573756592 28 109.12011573756592 32 124.12011573756592 50 149.9315040384078 93 180.1799607697244 96 196.50451609006117 80 217.1346619027958 0 234.75043500865974
0 0.0 82 14.7648230602334 44 74 38 91.28010988928052 40 106.66527469641503 43 121.66527469641503 35 143.66527469641503 0 197.8693469070157
0 0.0 29 52.20153254455275 27 67.20153254455275 84 115.67230066789543 56 134.89184512518833 91 151.9629129370538 0 174.0045075158461
Total distance 10700.849631794357

PS C:\Users\asnis\Desktop\VRPTW-master>